f1_average_strict: 0.428837
f1_aspect_strict: 0.245455
f1_object_strict: 0.289575
f1_predicate_strict: 0.832704
f1_average: 0.448097
f1_aspect: 0.283333
f1_object: 0.302445
f1_predicate: 0.852495
